255 255 255 255 255 255 255 255 255 255 255 255 255 255 255 255
255 214 153 153 153 153 153 153 153 153 153 153 153 153 214 255
255 153   0   0   0   0   0   0   0   0   0   0   0   0 153 255
255 153   0   0   0   0   0   0   0   0   0   0   0   0 153 255
255 153   0   0   9  48  48  48  48  48  48   9   0   0 153 255
255 153   0   0  48 240 240 238 238 240 240  48   0   0 153 255
255 153   0   0  48 240 239  62  34 240 240  48   0   0 153 255
255 153   0   0  48 237  24  14  35  42 240  48   0   0 153 255
255 153   0   0  48 237  44  20  14  40 240  48   0   0 153 255
255 153   0   0  48 240 239  21  84 240 240  48   0   0 153 255
255 153   0   0  48 240 240 238 238 240 240  48   0   0 153 255
255 153   0   0   9  48  48  48  48  48  48   9   0   0 153 255
255 153   0   0   0   0   0   0   0   0   0   0   0   0 153 255
255 153   0   0   0   0   0   0   0   0   0   0   0   0 153 255
255 214 153 153 153 153 153 153 153 153 153 153 153 153 214 255
255 255 255 255 255 255 255 255 255 255 255 255 255 255 255 255
255 255 255 255 255 255 255 255 255 255 255 255 255 255 255 255
255 214 153 153 153 153 153 153 153 153 153 153 153 153 214 255
255 153   0   0   0   0   0   0   0   0   0   0   0   0 153 255
255 153   0   0   0   0   0   0   0   0   0   0   0   0 153 255
255 153   0   0   9  48  48  48  48  48  48   9   0   0 153 255
255 153   0   0  48 240 240 238 238 240 240  48   0   0 153 255
255 153   0   0  48 240 239  62  34 240 240  48   0   0 153 255
255 153   0   0  48 237  24  14  35  42 240  48   0   0 153 255
255 153   0   0  48 237  44  20  14  40 240  48   0   0 153 255
255 153   0   0  48 240 239  21  84 240 240  48   0   0 153 255
255 153   0   0  48 240 240 238 238 240 240  48   0   0 153 255
255 153   0   0   9  48  48  48  48  48  48   9   0   0 153 255
255 153   0   0   0   0   0   0   0   0   0   0   0   0 153 255
255 153   0   0   0   0   0   0   0   0   0   0   0   0 153 255
255 214 153 153 153 153 153 153 153 153 153 153 153 153 214 255
255 255 255 255 255 255 255 255 255 255 255 255 255 255 255 255
255 255 255 255 255 255 255 255 255 255 255 255 255 255 255 255
255 214 153 153 153 153 153 153 153 153 153 153 153 153 214 255
255 153   0   0   0   0   0   0   0   0   0   0   0   0 153 255
255 153   0   0   0   0   0   0   0   0   0   0   0   0 153 255
255 153   0   0   9  48  48  48  48  48  48   9   0   0 153 255
255 153   0   0  48 240 240 238 238 240 240  48   0   0 153 255
255 153   0   0  48 240 239  62  34 240 240  48   0   0 153 255
255 153   0   0  48 237  24  14  35  42 240  48   0   0 153 255
255 153   0   0  48 237  44  20  14  40 240  48   0   0 153 255
255 153   0   0  48 240 239  21  84 240 240  48   0   0 153 255
255 153   0   0  48 240 240 238 238 240 240  48   0   0 153 255
255 153   0   0   9  48  48  48  48  48  48   9   0   0 153 255
255 153   0   0   0   0   0   0   0   0   0   0   0   0 153 255
255 153   0   0   0   0   0   0   0   0   0   0   0   0 153 255
255 214 153 153 153 153 153 153 153 153 153 153 153 153 214 255
255 255 255 255 255 255 255 255 255 255 255 255 255 255 255 255

255 255 255 255 255 255 255 255 255 255 255 255 255 255 255 255
255 214 153 153 153 153 153 153 153 153 153 153 153 153 214 255
255 153   0   0   0   0   0   0   0   0   0   0   0   0 153 255
255 153   0   0   0   0   0   0   0   0   0   0   0   0 153 255
255 153   0   0   9  48  48  48  48  48  48   9   0   0 153 255
255 153   0   0  48 240 240 240 240 240 240  48   0   0 153 255
255 153   0   0  48 240 240  42  40 240 240  48   0   0 153 255
255 153   0   0  48 238  34  35  14  84 238  48   0   0 153 255
255 153   0   0  48 238  62  14  20  21 238  48   0   0 153 255
255 153   0   0  48 240 239  24  44 239 240  48   0   0 153 255
255 153   0   0  48 240 240 237 237 240 240  48   0   0 153 255
255 153   0   0   9  48  48  48  48  48  48   9   0   0 153 255
255 153   0   0   0   0   0   0   0   0   0   0   0   0 153 255
255 153   0   0   0   0   0   0   0   0   0   0   0   0 153 255
255 214 153 153 153 153 153 153 153 153 153 153 153 153 214 255
255 255 255 255 255 255 255 255 255 255 255 255 255 255 255 255
255 255 255 255 255 255 255 255 255 255 255 255 255 255 255 255
255 214 153 153 153 153 153 153 153 153 153 153 153 153 214 255
255 153   0   0   0   0   0   0   0   0   0   0   0   0 153 255
255 153   0   0   0   0   0   0   0   0   0   0   0   0 153 255
255 153   0   0   9  48  48  48  48  48  48   9   0   0 153 255
255 153   0   0  48 240 240 240 240 240 240  48   0   0 153 255
255 153   0   0  48 240 240  42  40 240 240  48   0   0 153 255
255 153   0   0  48 238  34  35  14  84 238  48   0   0 153 255
255 153   0   0  48 238  62  14  20  21 238  48   0   0 153 255
255 153   0   0  48 240 239  24  44 239 240  48   0   0 153 255
255 153   0   0  48 240 240 237 237 240 240  48   0   0 153 255
255 153   0   0   9  48  48  48  48  48  48   9   0   0 153 255
255 153   0   0   0   0   0   0   0   0   0   0   0   0 153 255
255 153   0   0   0   0   0   0   0   0   0   0   0   0 153 255
255 214 153 153 153 153 153 153 153 153 153 153 153 153 214 255
255 255 255 255 255 255 255 255 255 255 255 255 255 255 255 255
255 255 255 255 255 255 255 255 255 255 255 255 255 255 255 255
255 214 153 153 153 153 153 153 153 153 153 153 153 153 214 255
255 153   0   0   0   0   0   0   0   0   0   0   0   0 153 255
255 153   0   0   0   0   0   0   0   0   0   0   0   0 153 255
255 153   0   0   9  48  48  48  48  48  48   9   0   0 153 255
255 153   0   0  48 240 240 240 240 240 240  48   0   0 153 255
255 153   0   0  48 240 240  42  40 240 240  48   0   0 153 255
255 153   0   0  48 238  34  35  14  84 238  48   0   0 153 255
255 153   0   0  48 238  62  14  20  21 238  48   0   0 153 255
255 153   0   0  48 240 239  24  44 239 240  48   0   0 153 255
255 153   0   0  48 240 240 237 237 240 240  48   0   0 153 255
255 153   0   0   9  48  48  48  48  48  48   9   0   0 153 255
255 153   0   0   0   0   0   0   0   0   0   0   0   0 153 255
255 153   0   0   0   0   0   0   0   0   0   0   0   0 153 255
255 214 153 153 153 153 153 153 153 153 153 153 153 153 214 255
255 255 255 255 255 255 255 255 255 255 255 255 255 255 255 255

255 255 255 255 255 255 255 255 255 255 255 255 255 255 255 255
255 214 153 153 153 153 153 153 153 153 153 153 153 153 214 255
255 153   0   0   0   0   0   0   0   0   0   0   0   0 153 255
255 153   0   0   0   0   0   0   0   0   0   0   0   0 153 255
255 153   0   0   9  48  48  48  48  48  48   9   0   0 153 255
255 153   0   0  48 240 240 238 238 240 240  48   0   0 153 255
255 153   0   0  48 240 240  84  21 239 240  48   0   0 153 255
255 153   0   0  48 240  40  14  20  44 237  48   0   0 153 255
255 153   0   0  48 240  42  35  14  24 237  48   0   0 153 255
255 153   0   0  48 240 240  34  62 239 240  48   0   0 153 255
255 153   0   0  48 240 240 238 238 240 240  48   0   0 153 255
255 153   0   0   9  48  48  48  48  48  48   9   0   0 153 255
255 153   0   0   0   0   0   0   0   0   0   0   0   0 153 255
255 153   0   0   0   0   0   0   0   0   0   0   0   0 153 255
255 214 153 153 153 153 153 153 153 153 153 153 153 153 214 255
255 255 255 255 255 255 255 255 255 255 255 255 255 255 255 255
255 255 255 255 255 255 255 255 255 255 255 255 255 255 255 255
255 214 153 153 153 153 153 153 153 153 153 153 153 153 214 255
255 153   0   0   0   0   0   0   0   0   0   0   0   0 153 255
255 153   0   0   0   0   0   0   0   0   0   0   0   0 153 255
255 153   0   0   9  48  48  48  48  48  48   9   0   0 153 255
255 153   0   0  48 240 240 238 238 240 240  48   0   0 153 255
255 153   0   0  48 240 240  84  21 239 240  48   0   0 153 255
255 153   0   0  48 240  40  14  20  44 237  48   0   0 153 255
255 153   0   0  48 240  42  35  14  24 237  48   0   0 153 255
255 153   0   0  48 240 240  34  62 239 240  48   0   0 153 255
255 153   0   0  48 240 240 238 238 240 240  48   0   0 153 255
255 153   0   0   9  48  48  48  48  48  48   9   0   0 153 255
255 153   0   0   0   0   0   0   0   0   0   0   0   0 153 255
255 153   0   0   0   0   0   0   0   0   0   0   0   0 153 255
255 214 153 153 153 153 153 153 153 153 153 153 153 153 214 255
255 255 255 255 255 255 255 255 255 255 255 255 255 255 255 255
255 255 255 255 255 255 255 255 255 255 255 255 255 255 255 255
255 214 153 153 153 153 153 153 153 153 153 153 153 153 214 255
255 153   0   0   0   0   0   0   0   0   0   0   0   0 153 255
255 153   0   0   0   0   0   0   0   0   0   0   0   0 153 255
255 153   0   0   9  48  48  48  48  48  48   9   0   0 153 255
255 153   0   0  48 240 240 238 238 240 240  48   0   0 153 255
255 153   0   0  48 240 240  84  21 239 240  48   0   0 153 255
255 153   0   0  48 240  40  14  20  44 237  48   0   0 153 255
255 153   0   0  48 240  42  35  14  24 237  48   0   0 153 255
255 153   0   0  48 240 240  34  62 239 240  48   0   0 153 255
255 153   0   0  48 240 240 238 238 240 240  48   0   0 153 255
255 153   0   0   9  48  48  48  48  48  48   9   0   0 153 255
255 153   0   0   0   0   0   0   0   0   0   0   0   0 153 255
255 153   0   0   0   0   0   0   0   0   0   0   0   0 153 255
255 214 153 153 153 153 153 153 153 153 153 153 153 153 214 255
255 255 255 255 255 255 255 255 255 255 255 255 255 255 255 255

255 255 255 255 255 255 255 255 255 255 255 255 255 255 255 255
255 214 153 153 153 153 153 153 153 153 153 153 153 153 214 255
255 153   0   0   0   0   0   0   0   0   0   0   0   0 153 255
255 153   0   0   0   0   0   0   0   0   0   0   0   0 153 255
255 153   0   0   9  48  48  48  48  48  48   9   0   0 153 255
255 153   0   0  48 240 240 237 237 240 240  48   0   0 153 255
255 153   0   0  48 240 239  44  24 239 240  48   0   0 153 255
255 153   0   0  48 238  21  20  14  62 238  48   0   0 153 255
255 153   0   0  48 238  84  14  35  34 238  48   0   0 153 255
255 153   0   0  48 240 240  40  42 240 240  48   0   0 153 255
255 153   0   0  48 240 240 240 240 240 240  48   0   0 153 255
255 153   0   0   9  48  48  48  48  48  48   9   0   0 153 255
255 153   0   0   0   0   0   0   0   0   0   0   0   0 153 255
255 153   0   0   0   0   0   0   0   0   0   0   0   0 153 255
255 214 153 153 153 153 153 153 153 153 153 153 153 153 214 255
255 255 255 255 255 255 255 255 255 255 255 255 255 255 255 255
255 255 255 255 255 255 255 255 255 255 255 255 255 255 255 255
255 214 153 153 153 153 153 153 153 153 153 153 153 153 214 255
255 153   0   0   0   0   0   0   0   0   0   0   0   0 153 255
255 153   0   0   0   0   0   0   0   0   0   0   0   0 153 255
255 153   0   0   9  48  48  48  48  48  48   9   0   0 153 255
255 153   0   0  48 240 240 237 237 240 240  48   0   0 153 255
255 153   0   0  48 240 239  44  24 239 240  48   0   0 153 255
255 153   0   0  48 238  21  20  14  62 238  48   0   0 153 255
255 153   0   0  48 238  84  14  35  34 238  48   0   0 153 255
255 153   0   0  48 240 240  40  42 240 240  48   0   0 153 255
255 153   0   0  48 240 240 240 240 240 240  48   0   0 153 255
255 153   0   0   9  48  48  48  48  48  48   9   0   0 153 255
255 153   0   0   0   0   0   0   0   0   0   0   0   0 153 255
255 153   0   0   0   0   0   0   0   0   0   0   0   0 153 255
255 214 153 153 153 153 153 153 153 153 153 153 153 153 214 255
255 255 255 255 255 255 255 255 255 255 255 255 255 255 255 255
255 255 255 255 255 255 255 255 255 255 255 255 255 255 255 255
255 214 153 153 153 153 153 153 153 153 153 153 153 153 214 255
255 153   0   0   0   0   0   0   0   0   0   0   0   0 153 255
255 153   0   0   0   0   0   0   0   0   0   0   0   0 153 255
255 153   0   0   9  48  48  48  48  48  48   9   0   0 153 255
255 153   0   0  48 240 240 237 237 240 240  48   0   0 153 255
255 153   0   0  48 240 239  44  24 239 240  48   0   0 153 255
255 153   0   0  48 238  21  20  14  62 238  48   0   0 153 255
255 153   0   0  48 238  84  14  35  34 238  48   0   0 153 255
255 153   0   0  48 240 240  40  42 240 240  48   0   0 153 255
255 153   0   0  48 240 240 240 240 240 240  48   0   0 153 255
255 153   0   0   9  48  48  48  48  48  48   9   0   0 153 255
255 153   0   0   0   0   0   0   0   0   0   0   0   0 153 255
255 153   0   0   0   0   0   0   0   0   0   0   0   0 153 255
255 214 153 153 153 153 153 153 153 153 153 153 153 153 214 255
255 255 255 255 255 255 255 255 255 255 255 255 255 255 255 255
